{
 "cells": [
  {
   "cell_type": "code",
   "execution_count": 3,
   "metadata": {},
   "outputs": [],
   "source": [
    "import scqubits as scq\n",
    "import numpy as np\n",
    "import qutip as qt"
   ]
  },
  {
   "cell_type": "code",
   "execution_count": 4,
   "metadata": {},
   "outputs": [],
   "source": [
    "Ec = 0.2\n",
    "EL = 10  # Example value for EL\n",
    "EJ = 3  # Example value for EJ\n",
    "phi_ex = 0.25  # Example value for phi_ex\n",
    "# Set the base flux\n",
    "fluxonium1 = scq.Fluxonium(\n",
    "    EJ=EJ,\n",
    "    EC=Ec,\n",
    "    EL=EL,\n",
    "    cutoff = 150,\n",
    "    flux = phi_ex,\n",
    "    truncated_dim=5\n",
    ")"
   ]
  },
  {
   "cell_type": "code",
   "execution_count": 5,
   "metadata": {},
   "outputs": [],
   "source": [
    "e = fluxonium1.eigenvals()\n",
    "e-= e[0]"
   ]
  },
  {
   "cell_type": "code",
   "execution_count": 6,
   "metadata": {},
   "outputs": [
    {
     "data": {
      "text/plain": [
       "array([ 0.        ,  4.13114588,  8.23086788, 12.30413807, 16.35562038,\n",
       "       20.38956441])"
      ]
     },
     "execution_count": 6,
     "metadata": {},
     "output_type": "execute_result"
    }
   ],
   "source": [
    "e"
   ]
  },
  {
   "cell_type": "code",
   "execution_count": 7,
   "metadata": {},
   "outputs": [],
   "source": [
    "import scqubits as scq\n",
    "import numpy as np\n",
    "from scipy.special import factorial\n",
    "# import autograd.numpy as np\n",
    "import matplotlib.pyplot as plt\n",
    "import scipy as sci\n",
    "from functions import *\n",
    "def fluxonium_paras(Ec, EL, EJ, phi_ex):\n",
    "    # Define the potential function\n",
    "    def potential(phi, EL, EJ, phi_ex):\n",
    "        return 0.5 * EL * phi**2 - EJ * np.cos(phi - phi_ex)\n",
    "\n",
    "    # Function to find the minimum\n",
    "    def find_minimum(EL, EJ, phi_ex, initial_guess=0):\n",
    "        phi_ex = phi_ex*2*np.pi\n",
    "        result = sci.optimize.minimize(potential, x0=initial_guess, args=(EL, EJ, phi_ex))\n",
    "        return result.x  # The value of phi at the minimum\n",
    "\n",
    "    # Example usage\n",
    "\n",
    "    phi_min = find_minimum(EL, EJ, phi_ex)\n",
    "    phi_ex = phi_ex*2*np.pi\n",
    "\n",
    "    beta = EJ/EL\n",
    "    sdim = 20\n",
    "    phi_min = find_minimum(EL,EJ,phi_ex)\n",
    "    # potential expansion around minimum\n",
    "    c2 = beta*np.cos(phi_min - phi_ex) + 1\n",
    "    c3 = -beta*np.sin(phi_min-phi_ex)\n",
    "    c4 = -beta*np.cos(phi_min-phi_ex)\n",
    "    c5 = beta*np.sin(phi_min-phi_ex)\n",
    "    c6 = beta*np.cos(phi_min-phi_ex)\n",
    "    omega_s = np.sqrt(8*c2*EL*Ec)\n",
    "    phi_zpf = np.power(2*Ec/(EL*c2),1/4)\n",
    "    g2 = EL * phi_zpf**2*c2/2\n",
    "    g3 = EL * phi_zpf ** 3 * c3 / 3 / 2\n",
    "    g4 = EL * phi_zpf ** 4 * c4 / 4 / 3 /2\n",
    "    g5 = EL * phi_zpf ** 5 * c5 / 5 / 4 / 3 / 2\n",
    "    g6 = EL * phi_zpf ** 6 * c6 / 6 / 5 / 4 / 3 / 2\n",
    "    s = annihilation(sdim)\n",
    "    sd = creation(sdim)\n",
    "    x2 = np.matmul(s+sd,s+sd)\n",
    "    x3 = np.matmul(x2,s+sd)\n",
    "    x4 = np.matmul(x3,s+sd)\n",
    "    x5 = np.matmul(x4,s+sd)\n",
    "    x6 = np.matmul(x5,s+sd)\n",
    "    phi_op = phi_zpf*(s+sd)+(phi_min)*np.identity(sdim)\n",
    "    Hs =omega_s * np.matmul(sd,s)- EL*(beta*sci.linalg.cosm(phi_op-(phi_ex)*np.identity(sdim))- 1/2*phi_op@phi_op)- g2*x2\n",
    "\n",
    "    # print(g3*x3 + g4*x4 )\n",
    "    Hs =omega_s * np.matmul(sd,s) + g3*x3 + g4*x4 \n",
    "    charge_op = -1j*(s-sd)/(2*phi_zpf)\n",
    "    energy0,U = np.linalg.eigh(Hs)\n",
    "    energy0 = energy0 - energy0[0]\n",
    "    Ud = U.transpose().conjugate()\n",
    "    Hs = Ud@Hs@U\n",
    "    Hs = Hs - Hs[0,0]*np.identity(sdim)\n",
    "    phase_op, charge_op = Ud@phi_op@U,Ud@charge_op@U\n",
    "    return Hs,phase_op, omega_s, phi_zpf, g3, g4, g5, g6\n"
   ]
  },
  {
   "cell_type": "code",
   "execution_count": 8,
   "metadata": {},
   "outputs": [
    {
     "ename": "NameError",
     "evalue": "name 'beta' is not defined",
     "output_type": "error",
     "traceback": [
      "\u001b[1;31m---------------------------------------------------------------------------\u001b[0m",
      "\u001b[1;31mNameError\u001b[0m                                 Traceback (most recent call last)",
      "Cell \u001b[1;32mIn[8], line 1\u001b[0m\n\u001b[1;32m----> 1\u001b[0m \u001b[43mbeta\u001b[49m\n",
      "\u001b[1;31mNameError\u001b[0m: name 'beta' is not defined"
     ]
    }
   ],
   "source": [
    "beta"
   ]
  },
  {
   "cell_type": "code",
   "execution_count": 357,
   "metadata": {},
   "outputs": [
    {
     "data": {
      "text/plain": [
       "array([[-2.62938614e-01, -4.39761218e-01,  1.14424032e-02,\n",
       "        -2.56569191e-05, -1.41032596e-04],\n",
       "       [-4.39761218e-01, -2.14477327e-01,  6.23926346e-01,\n",
       "        -1.90430247e-02,  9.97035176e-05],\n",
       "       [ 1.14424032e-02,  6.23926346e-01, -1.68915689e-01,\n",
       "         7.66263844e-01, -2.57013681e-02],\n",
       "       [-2.56569191e-05, -1.90430247e-02,  7.66263844e-01,\n",
       "        -1.26671677e-01,  8.86864930e-01],\n",
       "       [-1.41032596e-04,  9.97035176e-05, -2.57013681e-02,\n",
       "         8.86864930e-01, -8.80283032e-02]])"
      ]
     },
     "execution_count": 357,
     "metadata": {},
     "output_type": "execute_result"
    }
   ],
   "source": [
    "fluxonium1.phi_operator(energy_esys=True)"
   ]
  },
  {
   "cell_type": "code",
   "execution_count": 358,
   "metadata": {},
   "outputs": [
    {
     "data": {
      "text/plain": [
       "array([[-2.06118940e-01, -4.53958210e-01, -1.52019563e-02,\n",
       "        -7.37918389e-04, -4.06282192e-05,  2.52234531e-06,\n",
       "         1.72376852e-07, -1.27916405e-08, -1.01983834e-09,\n",
       "        -8.70793220e-11,  6.89860622e-12, -2.42359202e-12,\n",
       "         2.58217809e-12,  3.49241311e-12,  3.87482270e-12,\n",
       "        -4.01026640e-12,  4.35109394e-12,  5.08981696e-12,\n",
       "         2.84177843e-12,  6.05920333e-13],\n",
       "       [-4.53958210e-01, -2.70697729e-01,  6.43044427e-01,\n",
       "         2.64586380e-02,  1.49206263e-03, -9.23266311e-05,\n",
       "        -6.31255237e-06,  4.68403493e-07,  3.73539916e-08,\n",
       "         3.16524617e-09, -3.05700162e-10, -1.19847288e-11,\n",
       "         6.24869339e-11,  7.69314631e-11,  9.08918716e-11,\n",
       "        -9.06567500e-11,  8.03682485e-11,  1.48155414e-10,\n",
       "         1.49513388e-10,  6.42869975e-11],\n",
       "       [-1.52019563e-02,  6.43044427e-01, -3.35832840e-01,\n",
       "         7.88850021e-01,  3.75950640e-02, -2.38473846e-03,\n",
       "        -1.62482671e-04,  1.20626246e-05,  9.61739544e-07,\n",
       "         8.18863658e-08, -7.03922490e-09,  1.25729980e-09,\n",
       "        -7.95620110e-10, -1.10728325e-09, -1.25170299e-09,\n",
       "         1.22245053e-09, -1.20514574e-09, -1.92353003e-09,\n",
       "        -1.55354431e-09, -4.92358620e-10],\n",
       "       [-7.37918389e-04,  2.64586380e-02,  7.88850021e-01,\n",
       "        -4.01514680e-01,  9.12365656e-01, -4.87572907e-02,\n",
       "        -3.40853320e-03,  2.52120898e-04,  2.01141271e-05,\n",
       "         1.70758688e-06, -1.57224730e-07,  8.01535130e-09,\n",
       "         1.07589135e-08,  1.15520464e-08,  1.28988542e-08,\n",
       "        -1.25744114e-08,  1.17992721e-08,  1.75951788e-08,\n",
       "         1.46347896e-08,  5.29836079e-09],\n",
       "       [-4.06282192e-05,  1.49206263e-03,  3.75950640e-02,\n",
       "         9.12365656e-01, -4.67731677e-01, -1.02170584e+00,\n",
       "        -5.99791545e-02,  4.55637178e-03,  3.62080503e-04,\n",
       "         3.08084882e-05, -2.73031417e-06,  3.22407751e-07,\n",
       "        -6.57927153e-08, -1.11299585e-07, -1.19016544e-07,\n",
       "         1.13056931e-07, -1.03173784e-07, -1.62103373e-07,\n",
       "        -1.38487884e-07, -4.88715239e-08],\n",
       "       [ 2.52234531e-06, -9.23266311e-05, -2.38473846e-03,\n",
       "        -4.87572907e-02, -1.02170584e+00, -5.34470120e-01,\n",
       "         1.12102365e+00, -7.12695775e-02, -5.82271172e-03,\n",
       "        -4.92915385e-04,  4.46752847e-05, -3.62090094e-06,\n",
       "        -1.11970968e-06, -8.19807487e-07, -8.99329387e-07,\n",
       "         8.33648881e-07, -7.64797243e-07, -1.10368402e-06,\n",
       "        -8.71049064e-07, -2.83146158e-07],\n",
       "       [ 1.72376852e-07, -6.31255237e-06, -1.62482671e-04,\n",
       "        -3.40853320e-03, -5.99791545e-02,  1.12102365e+00,\n",
       "        -6.01713683e-01, -1.21278054e+00, -8.26268676e-02,\n",
       "        -7.20332935e-03,  6.42085653e-04, -6.45351986e-05,\n",
       "        -4.18354337e-07,  6.37307333e-06,  5.91738956e-06,\n",
       "        -5.39868847e-06,  4.74253786e-06,  6.71216345e-06,\n",
       "         5.39035222e-06,  1.81148467e-06],\n",
       "       [-1.27916405e-08,  4.68403493e-07,  1.20626246e-05,\n",
       "         2.52120898e-04,  4.55637178e-03, -7.12695775e-02,\n",
       "        -1.21278054e+00, -6.69437314e-01,  1.29857336e+00,\n",
       "         9.40165836e-02, -8.69815883e-03,  7.80325653e-04,\n",
       "         1.10785705e-04,  2.97856806e-05,  3.57581001e-05,\n",
       "        -3.07134959e-05,  2.64295626e-05,  3.63370749e-05,\n",
       "         2.82280063e-05,  8.93328831e-06],\n",
       "       [-1.01983834e-09,  3.73539916e-08,  9.61739544e-07,\n",
       "         2.01141271e-05,  3.62080503e-04, -5.82271172e-03,\n",
       "        -8.26268676e-02,  1.29857336e+00, -7.37525479e-01,\n",
       "         1.37946907e+00, -1.05121937e-01,  1.03441742e-02,\n",
       "         7.37588557e-04, -2.86237689e-04, -1.77085072e-04,\n",
       "         1.53503216e-04, -1.27320459e-04, -1.63470000e-04,\n",
       "        -1.21688912e-04, -3.71951139e-05],\n",
       "       [-8.70793220e-11,  3.16524617e-09,  8.18863658e-08,\n",
       "         1.70758688e-06,  3.08084882e-05, -4.92915385e-04,\n",
       "        -7.20332935e-03,  9.40165836e-02,  1.37946907e+00,\n",
       "        -8.04998717e-01, -1.45587921e+00,  1.13872581e-01,\n",
       "         1.24138677e-02,  7.74678997e-05,  9.38678702e-04,\n",
       "        -6.74410573e-04,  5.34396423e-04,  6.60018983e-04,\n",
       "         4.86140728e-04,  1.46130639e-04],\n",
       "       [ 6.89860621e-12, -3.05700162e-10, -7.03922490e-09,\n",
       "        -1.57224730e-07, -2.73031417e-06,  4.46752847e-05,\n",
       "         6.42085653e-04, -8.69815883e-03, -1.05121937e-01,\n",
       "        -1.45587921e+00, -8.65342307e-01, -1.52591925e+00,\n",
       "        -1.12372671e-01,  1.60222483e-02,  2.88240378e-03,\n",
       "        -2.70023893e-03,  1.97339889e-03,  2.27333552e-03,\n",
       "         1.58034236e-03,  4.40642013e-04],\n",
       "       [-2.42359202e-12, -1.19847288e-11,  1.25729980e-09,\n",
       "         8.01535130e-09,  3.22407751e-07, -3.62090094e-06,\n",
       "        -6.45351986e-05,  7.80325653e-04,  1.03441742e-02,\n",
       "         1.13872581e-01, -1.52591925e+00, -8.92148632e-01,\n",
       "         1.58092584e+00, -8.71654149e-02,  2.33142771e-02,\n",
       "        -8.56136275e-03,  6.22649546e-03,  6.47550069e-03,\n",
       "         4.30287803e-03,  1.16175653e-03],\n",
       "       [ 2.58217809e-12,  6.24869339e-11, -7.95620110e-10,\n",
       "         1.07589135e-08, -6.57927153e-08, -1.11970968e-06,\n",
       "        -4.18354337e-07,  1.10785705e-04,  7.37588557e-04,\n",
       "         1.24138677e-02, -1.12372671e-01,  1.58092584e+00,\n",
       "        -8.32933543e-01, -1.60626722e+00,  3.62948248e-02,\n",
       "         3.45571932e-02, -1.65894775e-02, -1.62008126e-02,\n",
       "        -1.03314836e-02, -2.62313787e-03],\n",
       "       [ 3.49241311e-12,  7.69314631e-11, -1.10728325e-09,\n",
       "         1.15520464e-08, -1.11299585e-07, -8.19807487e-07,\n",
       "         6.37307333e-06,  2.97856806e-05, -2.86237689e-04,\n",
       "         7.74678997e-05,  1.60222483e-02, -8.71654149e-02,\n",
       "        -1.60626722e+00, -6.58852804e-01, -1.59653500e+00,\n",
       "         2.00649713e-02, -4.75102785e-02, -3.45631708e-02,\n",
       "        -1.92662873e-02, -4.19884126e-03],\n",
       "       [ 3.87482270e-12,  9.08918716e-11, -1.25170299e-09,\n",
       "         1.28988542e-08, -1.19016544e-07, -8.99329387e-07,\n",
       "         5.91738956e-06,  3.57581001e-05, -1.77085072e-04,\n",
       "         9.38678702e-04,  2.88240378e-03,  2.33142771e-02,\n",
       "         3.62948248e-02, -1.59653500e+00, -4.07987605e-01,\n",
       "         1.55610718e+00, -6.69510152e-02, -7.09859291e-02,\n",
       "        -3.54898892e-02, -7.81546691e-03],\n",
       "       [-4.01026640e-12, -9.06567500e-11,  1.22245053e-09,\n",
       "        -1.25744114e-08,  1.13056931e-07,  8.33648881e-07,\n",
       "        -5.39868847e-06, -3.07134959e-05,  1.53503216e-04,\n",
       "        -6.74410573e-04, -2.70023893e-03, -8.56136275e-03,\n",
       "         3.45571932e-02,  2.00649713e-02,  1.55610718e+00,\n",
       "        -1.18061932e-01,  1.49525046e+00,  1.60542141e-01,\n",
       "         8.69700859e-02,  1.45804133e-02],\n",
       "       [ 4.35109394e-12,  8.03682485e-11, -1.20514574e-09,\n",
       "         1.17992721e-08, -1.03173784e-07, -7.64797243e-07,\n",
       "         4.74253786e-06,  2.64295626e-05, -1.27320459e-04,\n",
       "         5.34396423e-04,  1.97339889e-03,  6.22649546e-03,\n",
       "        -1.65894775e-02, -4.75102785e-02, -6.69510152e-02,\n",
       "         1.49525046e+00,  2.91922892e-01, -1.41438648e+00,\n",
       "        -8.19080517e-02, -1.75722739e-03],\n",
       "       [ 5.08981696e-12,  1.48155414e-10, -1.92353003e-09,\n",
       "         1.75951788e-08, -1.62103373e-07, -1.10368402e-06,\n",
       "         6.71216345e-06,  3.63370749e-05, -1.63470000e-04,\n",
       "         6.60018983e-04,  2.27333552e-03,  6.47550069e-03,\n",
       "        -1.62008126e-02, -3.45631708e-02, -7.09859291e-02,\n",
       "         1.60542141e-01, -1.41438648e+00,  2.72393171e-01,\n",
       "        -1.29955494e+00, -4.02962057e-02],\n",
       "       [ 2.84177843e-12,  1.49513388e-10, -1.55354431e-09,\n",
       "         1.46347896e-08, -1.38487884e-07, -8.71049064e-07,\n",
       "         5.39035222e-06,  2.82280063e-05, -1.21688912e-04,\n",
       "         4.86140728e-04,  1.58034236e-03,  4.30287803e-03,\n",
       "        -1.03314836e-02, -1.92662873e-02, -3.54898892e-02,\n",
       "         8.69700859e-02, -8.19080517e-02, -1.29955494e+00,\n",
       "         1.62608196e+00, -3.85715986e-01],\n",
       "       [ 6.05920333e-13,  6.42869975e-11, -4.92358620e-10,\n",
       "         5.29836079e-09, -4.88715239e-08, -2.83146158e-07,\n",
       "         1.81148467e-06,  8.93328831e-06, -3.71951139e-05,\n",
       "         1.46130639e-04,  4.40642013e-04,  1.16175653e-03,\n",
       "        -2.62313787e-03, -4.19884126e-03, -7.81546691e-03,\n",
       "         1.45804133e-02, -1.75722739e-03, -4.02962057e-02,\n",
       "        -3.85715986e-01,  3.13433857e+00]])"
      ]
     },
     "execution_count": 358,
     "metadata": {},
     "output_type": "execute_result"
    }
   ],
   "source": [
    "Hs,phase_op, omega_s, phi_zpf, g3, g4, g5, g6 =fluxonium_paras(Ec, EL, EJ, phi_ex)\n",
    "phase_op"
   ]
  },
  {
   "cell_type": "code",
   "execution_count": 325,
   "metadata": {},
   "outputs": [
    {
     "data": {
      "text/plain": [
       "array([3.89472191])"
      ]
     },
     "execution_count": 325,
     "metadata": {},
     "output_type": "execute_result"
    }
   ],
   "source": [
    "omega_s"
   ]
  },
  {
   "cell_type": "code",
   "execution_count": 200,
   "metadata": {},
   "outputs": [
    {
     "data": {
      "text/plain": [
       "array([-0.06489618])"
      ]
     },
     "execution_count": 200,
     "metadata": {},
     "output_type": "execute_result"
    }
   ],
   "source": [
    "2*np.sqrt(2)*phi_zpf*g3/omega_s"
   ]
  },
  {
   "cell_type": "code",
   "execution_count": 201,
   "metadata": {},
   "outputs": [
    {
     "data": {
      "text/plain": [
       "array([0.00149168])"
      ]
     },
     "execution_count": 201,
     "metadata": {},
     "output_type": "execute_result"
    }
   ],
   "source": [
    "g5"
   ]
  },
  {
   "cell_type": "code",
   "execution_count": 9,
   "metadata": {},
   "outputs": [],
   "source": [
    "# result = fluxonium.get_spectrum_vs_paramvals(param_name='flux', param_vals=np.linspace(0,1,100), evals_count=4, subtract_ground=True)\n",
    "# result.plot_evals_vs_paramvals()"
   ]
  },
  {
   "cell_type": "code",
   "execution_count": 10,
   "metadata": {},
   "outputs": [],
   "source": [
    "import numpy as np\n",
    "from functions import *\n",
    "from scipy.optimize import minimize\n",
    "\n",
    "# Define the potential function\n",
    "def potential(phi, EL, EJ, phi_ex):\n",
    "    return 0.5 * EL * phi**2 - EJ * np.cos(phi - phi_ex)\n",
    "\n",
    "# Function to find the minimum\n",
    "def find_minimum(EL, EJ, phi_ex, initial_guess=0):\n",
    "    phi_ex = phi_ex*2*np.pi\n",
    "    result = minimize(potential, x0=initial_guess, args=(EL, EJ, phi_ex))\n",
    "    return result.x  # The value of phi at the minimum\n",
    "\n",
    "# Example usage\n",
    "\n",
    "phi_min = find_minimum(EL, EJ, phi_ex)\n",
    "phi_ex = phi_ex*2*np.pi\n",
    "\n",
    "beta = EJ/EL\n",
    "sdim = 20\n",
    "phi_min = find_minimum(EL,EJ,phi_ex)\n",
    "# potential expansion around minimum\n",
    "c2 = beta*np.cos(phi_min - phi_ex) + 1\n",
    "c3 = -beta*np.sin(phi_min-phi_ex)\n",
    "c4 = -beta*np.cos(phi_min-phi_ex)\n",
    "omega_s = np.sqrt(8*c2*EL*Ec)\n",
    "phi_zpf = np.power(2*Ec/(EL*c2),1/4)\n",
    "g2 = EL * phi_zpf**2*c2/2\n",
    "g3 = EL * phi_zpf ** 3 * c3 / 3 / 2\n",
    "s = annihilation(sdim)\n",
    "sd = creation(sdim)\n",
    "x2 = np.matmul(s+sd,s+sd)\n",
    "phi_op = phi_zpf*(s+sd)+(phi_min)*np.identity(sdim)\n",
    "Hs =(omega_s * np.matmul(sd,s)- EL*(beta*sci.linalg.cosm(phi_op-(phi_ex)*np.identity(sdim))- 1/2*phi_op@phi_op)- g2*x2)\n",
    "charge_op = -1j*(s-sd)/(2*phi_zpf)\n",
    "energy0,U = np.linalg.eigh(Hs)\n",
    "energy0,U = sort_eigenpairs(energy0, U)\n",
    "energy0 = energy0 - energy0[0]\n",
    "Ud = U.transpose().conjugate()\n",
    "Hs = Ud@Hs@U\n",
    "Hs = Hs - Hs[0,0]*np.identity(sdim)\n",
    "phase_op, charge_op = Ud@phi_op@U,Ud@charge_op@U\n"
   ]
  },
  {
   "cell_type": "code",
   "execution_count": 11,
   "metadata": {},
   "outputs": [
    {
     "data": {
      "text/plain": [
       "array([0.04584375])"
      ]
     },
     "execution_count": 11,
     "metadata": {},
     "output_type": "execute_result"
    }
   ],
   "source": [
    "g3"
   ]
  },
  {
   "cell_type": "code",
   "execution_count": 12,
   "metadata": {},
   "outputs": [
    {
     "data": {
      "text/plain": [
       "array([[ 2.62938614e-01, -4.39761218e-01, -1.14424032e-02,\n",
       "        -1.41032596e-04, -2.56569191e-05,  1.84227028e-06,\n",
       "        -1.11185467e-05,  1.79072092e-08, -5.10709161e-07,\n",
       "         3.12260814e-09,  1.52040402e-08, -1.71332267e-10,\n",
       "        -1.50933935e-10, -6.07448008e-12,  2.71150619e-11,\n",
       "         2.63839963e-11,  5.47814113e-13,  9.89062561e-12,\n",
       "         4.50963469e-11, -2.71592373e-11],\n",
       "       [-4.39761218e-01,  2.14477327e-01,  6.23926346e-01,\n",
       "        -9.97035175e-05,  1.90430247e-02,  2.61654920e-05,\n",
       "         3.05147712e-04, -1.35149284e-06,  4.71077255e-06,\n",
       "        -4.49114856e-08,  4.50052633e-08,  6.09461739e-10,\n",
       "        -9.24384297e-09,  1.24615633e-11, -6.14833457e-10,\n",
       "        -1.78793035e-10,  2.61849443e-10,  5.85979904e-10,\n",
       "         3.84157773e-10,  7.61022902e-10],\n",
       "       [-1.14424032e-02,  6.23926346e-01,  1.68915689e-01,\n",
       "        -2.57013681e-02,  7.66263844e-01,  5.10196690e-04,\n",
       "        -2.18224873e-04, -9.15443442e-06, -4.65031446e-05,\n",
       "         7.86480951e-08,  2.66528111e-06, -1.96832169e-08,\n",
       "        -9.81542433e-08,  2.41332124e-10, -1.52047556e-09,\n",
       "         5.51113092e-10,  1.48667480e-09,  3.97864980e-09,\n",
       "         4.96847969e-09,  2.77797351e-09],\n",
       "       [-1.41032596e-04, -9.97035175e-05, -2.57013681e-02,\n",
       "         8.80283031e-02, -8.86864930e-01,  3.63361520e-02,\n",
       "         9.93456261e-01, -1.02161905e-03, -5.54864607e-04,\n",
       "        -2.39780144e-05,  9.99901500e-05, -9.82667629e-08,\n",
       "        -6.86551381e-06,  4.53281117e-08, -3.18751706e-07,\n",
       "        -3.04816188e-08,  5.46416915e-08,  1.03546066e-07,\n",
       "         7.83343799e-08,  1.18125090e-07],\n",
       "       [-2.56569191e-05,  1.90430247e-02,  7.66263844e-01,\n",
       "        -8.86864930e-01,  1.26671677e-01, -3.73373911e-04,\n",
       "        -3.14660013e-02,  7.14448479e-05, -7.50881276e-04,\n",
       "         4.49973408e-06,  1.54776756e-05, -1.83530493e-07,\n",
       "         1.07263057e-07, -3.96175958e-11,  3.88408893e-08,\n",
       "         9.67145859e-09, -3.43354028e-09, -1.13294113e-09,\n",
       "         1.09430596e-08, -1.24723166e-08],\n",
       "       [ 1.84227028e-06,  2.61654920e-05,  5.10196690e-04,\n",
       "         3.63361520e-02, -3.73373911e-04,  2.20184852e-02,\n",
       "         1.08998490e+00,  4.34713459e-02, -1.17879730e+00,\n",
       "         1.63258470e-03, -9.54277550e-04, -4.86662188e-05,\n",
       "         1.63472428e-04, -1.96682012e-07,  1.33866114e-05,\n",
       "         9.57958306e-07, -9.31617924e-07, -4.07695916e-07,\n",
       "         5.77452989e-07, -1.17874549e-06],\n",
       "       [-1.11185467e-05,  3.05147712e-04, -2.18224873e-04,\n",
       "         9.93456261e-01, -3.14660013e-02,  1.08998490e+00,\n",
       "         5.31344578e-02,  7.51886736e-04, -4.03261658e-02,\n",
       "         1.31017852e-04,  1.31711815e-03, -9.70984838e-06,\n",
       "        -3.49060058e-05,  3.43145737e-07,  7.21868674e-08,\n",
       "         8.45975817e-08,  8.54316747e-08,  3.69931144e-07,\n",
       "         5.23663139e-07,  2.00653882e-07],\n",
       "       [ 1.79072092e-08, -1.35149284e-06, -9.15443442e-06,\n",
       "        -1.02161905e-03,  7.14448479e-05,  4.34713459e-02,\n",
       "         7.51886736e-04, -2.92360882e-02, -1.26143166e+00,\n",
       "        -4.74460688e-02, -1.33896868e+00,  2.30309577e-03,\n",
       "        -1.34450010e-03, -7.61106851e-05, -2.30194937e-04,\n",
       "        -6.61797281e-06,  1.22944232e-05, -1.48696833e-05,\n",
       "        -2.50183549e-05, -4.93860987e-06],\n",
       "       [-5.10709161e-07,  4.71077255e-06, -4.65031446e-05,\n",
       "        -5.54864607e-04, -7.50881276e-04, -1.17879730e+00,\n",
       "        -4.03261658e-02, -1.26143166e+00, -5.39046761e-03,\n",
       "         1.15298244e-03,  4.58232979e-02, -1.95022675e-04,\n",
       "        -1.96318376e-03,  1.55933084e-05, -6.59513056e-05,\n",
       "        -2.38734609e-06,  3.93804059e-06,  6.56972360e-06,\n",
       "         5.58223390e-06,  6.43764711e-06],\n",
       "       [ 3.12260814e-09, -4.49114856e-08,  7.86480951e-08,\n",
       "        -2.39780144e-05,  4.49973408e-06,  1.63258470e-03,\n",
       "         1.31017852e-04, -4.74460688e-02,  1.15298244e-03,\n",
       "        -6.71063831e-02,  1.41219688e+00,  4.86567359e-02,\n",
       "         1.48177160e+00, -2.92514153e-03, -1.62202935e-03,\n",
       "         1.70039835e-04,  1.03607600e-04, -2.46196333e-04,\n",
       "        -2.26645400e-04, -1.95129537e-04],\n",
       "       [ 1.52040402e-08,  4.50052633e-08,  2.66528111e-06,\n",
       "         9.99901500e-05,  1.54776756e-05, -9.54277550e-04,\n",
       "         1.31711815e-03, -1.33896868e+00,  4.58232979e-02,\n",
       "         1.41219688e+00, -4.97195752e-02,  1.50596433e-03,\n",
       "         4.84207484e-02, -2.70408439e-04,  2.67437571e-03,\n",
       "         6.77634388e-05, -1.30408903e-04, -3.22616933e-05,\n",
       "         1.12385478e-05, -5.53068925e-05],\n",
       "       [-1.71332267e-10,  6.09461739e-10, -1.96832169e-08,\n",
       "        -9.82667629e-08, -1.83530493e-07, -4.86662188e-05,\n",
       "        -9.70984838e-06,  2.30309577e-03, -1.95022675e-04,\n",
       "         4.86567359e-02,  1.50596433e-03, -9.42997133e-02,\n",
       "         1.54821205e+00,  4.90981044e-02, -1.61033570e+00,\n",
       "        -5.31752703e-03, -3.21997737e-04,  1.60284247e-03,\n",
       "        -1.91892313e-04,  1.70072173e-03],\n",
       "       [-1.50933935e-10, -9.24384297e-09, -9.81542433e-08,\n",
       "        -6.86551381e-06,  1.07263057e-07,  1.63472428e-04,\n",
       "        -3.49060058e-05, -1.34450010e-03, -1.96318376e-03,\n",
       "         1.48177160e+00,  4.84207484e-02,  1.54821205e+00,\n",
       "        -8.11101669e-02,  2.32630935e-03, -4.88684067e-02,\n",
       "        -7.16248998e-04,  3.10183590e-03, -3.19557447e-04,\n",
       "        -7.08580467e-04,  1.09707769e-05],\n",
       "       [-6.07448008e-12,  1.24615633e-11,  2.41332124e-10,\n",
       "         4.53281117e-08, -3.96175957e-11, -1.96682012e-07,\n",
       "         3.43145737e-07, -7.61106851e-05,  1.55933084e-05,\n",
       "        -2.92514153e-03, -2.70408439e-04,  4.90981044e-02,\n",
       "         2.32630935e-03, -6.84496864e-02, -1.67656171e+00,\n",
       "         7.48574242e-02, -1.73214232e+00, -6.77666169e-04,\n",
       "         3.17289257e-02, -5.08636342e-03],\n",
       "       [ 2.71150619e-11, -6.14833457e-10, -1.52047556e-09,\n",
       "        -3.18751706e-07,  3.88408893e-08,  1.33866114e-05,\n",
       "         7.21868674e-08, -2.30194937e-04, -6.59513056e-05,\n",
       "        -1.62202935e-03,  2.67437571e-03, -1.61033570e+00,\n",
       "        -4.88684067e-02, -1.67656171e+00, -1.06296577e-01,\n",
       "        -1.30406313e-03,  3.36726667e-02, -6.41766317e-03,\n",
       "        -5.18093704e-03, -3.78298597e-03],\n",
       "       [ 2.63839963e-11, -1.78793035e-10,  5.51113092e-10,\n",
       "        -3.04816188e-08,  9.67145859e-09,  9.57958306e-07,\n",
       "         8.45975817e-08, -6.61797281e-06, -2.38734609e-06,\n",
       "         1.70039835e-04,  6.77634388e-05, -5.31752703e-03,\n",
       "        -7.16248998e-04,  7.48574242e-02, -1.30406313e-03,\n",
       "        -1.23137141e-01, -1.71470616e+00, -2.41535168e-01,\n",
       "         2.00220785e+00, -4.83358784e-02],\n",
       "       [ 5.47814112e-13,  2.61849443e-10,  1.48667480e-09,\n",
       "         5.46416915e-08, -3.43354028e-09, -9.31617924e-07,\n",
       "         8.54316747e-08,  1.22944232e-05,  3.93804059e-06,\n",
       "         1.03607600e-04, -1.30408903e-04, -3.21997737e-04,\n",
       "         3.10183590e-03, -1.73214232e+00,  3.36726667e-02,\n",
       "        -1.71470616e+00, -2.27594333e-01,  5.31363646e-02,\n",
       "        -2.83570804e-02,  3.93154450e-02],\n",
       "       [ 9.89062561e-12,  5.85979904e-10,  3.97864980e-09,\n",
       "         1.03546066e-07, -1.13294113e-09, -4.07695916e-07,\n",
       "         3.69931144e-07, -1.48696833e-05,  6.56972360e-06,\n",
       "        -2.46196333e-04, -3.22616933e-05,  1.60284247e-03,\n",
       "        -3.19557447e-04, -6.77666169e-04, -6.41766317e-03,\n",
       "        -2.41535168e-01,  5.31363646e-02, -1.74615251e+00,\n",
       "         1.50809916e+00,  1.08225768e+00],\n",
       "       [ 4.50963469e-11,  3.84157773e-10,  4.96847969e-09,\n",
       "         7.83343799e-08,  1.09430596e-08,  5.77452989e-07,\n",
       "         5.23663139e-07, -2.50183549e-05,  5.58223390e-06,\n",
       "        -2.26645400e-04,  1.12385478e-05, -1.91892313e-04,\n",
       "        -7.08580467e-04,  3.17289257e-02, -5.18093704e-03,\n",
       "         2.00220785e+00, -2.83570804e-02,  1.50809916e+00,\n",
       "         6.40267005e-01,  2.32587137e-01],\n",
       "       [-2.71592373e-11,  7.61022902e-10,  2.77797351e-09,\n",
       "         1.18125090e-07, -1.24723166e-08, -1.17874549e-06,\n",
       "         2.00653882e-07, -4.93860987e-06,  6.43764711e-06,\n",
       "        -1.95129537e-04, -5.53068925e-05,  1.70072173e-03,\n",
       "         1.09707769e-05, -5.08636342e-03, -3.78298597e-03,\n",
       "        -4.83358784e-02,  3.93154450e-02,  1.08225768e+00,\n",
       "         2.32587137e-01, -2.45859033e+00]])"
      ]
     },
     "execution_count": 12,
     "metadata": {},
     "output_type": "execute_result"
    }
   ],
   "source": [
    "phase_op"
   ]
  },
  {
   "cell_type": "code",
   "execution_count": 13,
   "metadata": {},
   "outputs": [
    {
     "data": {
      "text/plain": [
       "array([0.01508882])"
      ]
     },
     "execution_count": 13,
     "metadata": {},
     "output_type": "execute_result"
    }
   ],
   "source": [
    "2*np.sqrt(2)*g3/omega_s*phi_zpf"
   ]
  },
  {
   "cell_type": "code",
   "execution_count": 14,
   "metadata": {},
   "outputs": [
    {
     "data": {
      "text/plain": [
       "array([-0.24465599])"
      ]
     },
     "execution_count": 14,
     "metadata": {},
     "output_type": "execute_result"
    }
   ],
   "source": [
    "phi_min - 6*g3/omega_s"
   ]
  },
  {
   "cell_type": "code",
   "execution_count": 15,
   "metadata": {},
   "outputs": [
    {
     "data": {
