{
 "cells": [
  {
   "cell_type": "code",
   "execution_count": 3,
   "metadata": {},
   "outputs": [],
   "source": [
    "import numpy as np\n",
    "\n",
    "def split_V(V):\n",
    "    Vd = np.diag(np.diag(V))  # Diagonal part of V\n",
    "    Vod = V - Vd  # Off-diagonal part of V\n",
    "    return Vd, Vod\n",
    "# Function to compute the Schrieffer-Wolff transformation (decomposed into H0, H1, H2)\n",
    "\n",
    "def commutator(A,B):\n",
    "    return A@B-B@A\n",
    "\n",
    "# Function to compute the nested commutator [A, [A, ... [A, B] ...]]\n",
    "def nested_commutator(A, B, n):\n",
    "    result = B\n",
    "    for _ in range(n):\n",
    "        result = commutator(A, result)\n",
    "    return result\n",
    "def swt1(H0, V):\n",
    "    dim = H0.shape[0]\n",
    "    # Vd,Vod = split_V(V)\n",
    "    # Energy differences between levels (diagonal of H0)\n",
    "    delta = np.subtract.outer(np.diag(H0), np.diag(H0))  # Compute all pairwise energy gaps\n",
    "    np.fill_diagonal(delta, 1)\n",
    "    \n",
    "    \n",
    "    H1 = np.diag(np.diag(V))  # H1 is the diagonal part of V (first-order correction)\n",
    "    # Initialize S and the Hamiltonian components\n",
    "    S1 = V/delta\n",
    "    \n",
    "    H2 = 1/2*commutator(S1,V)\n",
    "    S2 = commutator(S1,V)/delta/2\n",
    "    np.fill_diagonal(S2, 0)\n",
    "    \n",
    "    H3 = 1/3*commutator(S1,commutator(S1,V))\n",
    "    H4 = 1/8*nested_commutator(S1,V,3) + 1/4*commutator(S2,commutator(S1,V))\n",
    "\n",
    "    return [S1,S2],[H1,H2,H3,H4]\n",
    "\n",
    "def split_V(V):\n",
    "    Vd = np.diag(np.diag(V))  # Diagonal part of V\n",
    "    Vod = V - Vd  # Off-diagonal part of V\n",
    "    return Vd, Vod\n",
    "# Function to compute the Schrieffer-Wolff transformation (decomposed into H0, H1, H2)\n",
    "\n",
    "def commutator(A,B):\n",
    "    return A@B-B@A\n",
    "\n",
    "def swt2(H0, V):\n",
    "    dim = H0.shape[0]\n",
    "    Vd,Vod = split_V(V)\n",
    "    # Energy differences between levels (diagonal of H0)\n",
    "    delta = np.subtract.outer(np.diag(H0), np.diag(H0))  # Compute all pairwise energy gaps\n",
    "    np.fill_diagonal(delta, 1)\n",
    "    \n",
    "    \n",
    "    H1 = np.diag(np.diag(V))  # H1 is the diagonal part of V (first-order correction)\n",
    "    # Initialize S and the Hamiltonian components\n",
    "    S1 = Vod/delta\n",
    "    \n",
    "    H2 = 1/2*commutator(S1,Vod)\n",
    "    S2 = -commutator(Vd,S1)/delta\n",
    "\n",
    "    H3 = 1/2*commutator(S2,Vod)\n",
    "    S3 = (commutator(S2,Vd) + 1/3*nested_commutator(S1,Vod,2))/delta\n",
    "    H4 = 1/2*commutator(S3,Vod) - 1/24 *nested_commutator(S1,Vod,3)\n",
    "\n",
    "    \n",
    "    return [S1,S2,S3],[H1,H2,H3,H4]\n"
   ]
  },
  {
   "cell_type": "code",
   "execution_count": 8,
   "metadata": {},
   "outputs": [],
   "source": [
    "def split_V(V):\n",
    "    Vd = np.diag(np.diag(V))  # Diagonal part of V\n",
    "    Vod = V - Vd  # Off-diagonal part of V\n",
    "    return Vd, Vod\n",
    "\n",
    "def commutator(A, B):\n",
    "    return A @ B - B @ A\n",
    "\n",
    "def nested_commutator(A, B, n):\n",
    "    if n == 1:\n",
    "        return commutator(A, B)\n",
    "    else:\n",
    "        return commutator(A, nested_commutator(A, B, n-1))\n",
    "def create_subspace_projector(dim, subspace_indices):\n",
    "    \"\"\"\n",
    "    Create a projector for the given subspace.\n",
    "\n",
    "    Args:\n",
    "        dim (int): The total dimension of the Hilbert space.\n",
    "        subspace_indices (list or np.ndarray): The indices of the subspace.\n",
    "\n",
    "    Returns:\n",
    "        np.ndarray: The projector for the given subspace.\n",
    "    \"\"\"\n",
    "    # Create the basis states for the subspace\n",
    "    basis_states = [np.zeros(dim) for _ in range(len(subspace_indices))]\n",
    "    for i, idx in enumerate(subspace_indices):\n",
    "        basis_states[i][idx] = 1\n",
    "\n",
    "    # Compute the projector\n",
    "    projector = np.array([state[:, None] @ state[None, :] for state in basis_states])\n",
    "    P = np.sum(projector, axis=0)\n",
    "    Q = np.identity(dim) - P\n",
    "    return P, Q\n",
    "def swt_subspace(H0, V, subspace_indices):\n",
    "    \"\"\"\n",
    "    Compute the Schrieffer-Wolff transformation on a subspace of the Hamiltonian.\n",
    "\n",
    "    Args:\n",
    "        H0 (np.ndarray): The unperturbed Hamiltonian.\n",
    "        V (np.ndarray): The perturbation Hamiltonian.\n",
    "        subspace_indices (list or np.ndarray): The indices of the subspace to consider.\n",
    "\n",
    "    Returns:\n",
    "        S (list): The Schrieffer-Wolff transformation operators (S1, S2, S3).\n",
    "        H (list): The transformed Hamiltonian components (H1, H2, H3, H4).\n",
    "    \"\"\"\n",
    "    dim = H0.shape[0]\n",
    "    subspace_dim = len(subspace_indices)\n",
    "    P,Q = create_subspace_projector(dim, subspace_indices)\n",
    "    \n",
    "    # Extract the subspace of H0 and V\n",
    "    \n",
    "    Vd = P@V@P + Q@V@Q\n",
    "    Vod = P@V@Q + Q@V@P\n",
    "\n",
    "    # Compute the energy differences in the subspace\n",
    "    delta = np.subtract.outer(np.diag(H0), np.diag(H0))\n",
    "    np.fill_diagonal(delta, 1)\n",
    "\n",
    "    # Compute the Schrieffer-Wolff transformation components\n",
    "    H1 = Vd\n",
    "    S1= Vod/ delta\n",
    "\n",
    "    H2 = 1/2 * commutator(S1, Vod)\n",
    "    S2 = -commutator(Vd,S1)/delta\n",
    "\n",
    "    H3 = 1/2*commutator(S2,Vod)\n",
    "    S3 = (commutator(S2,Vd) + 1/3*nested_commutator(S1,Vod,2))/delta\n",
    "    H4 = 1/2*commutator(S3,Vod) - 1/24 *nested_commutator(S1,Vod,3)\n",
    "\n",
    "    return [S1,S2,S3],[H1,H2,H3,H4]"
   ]
  },
  {
   "cell_type": "code",
   "execution_count": 10,
   "metadata": {},
   "outputs": [],
   "source": [
    "import numpy as np\n",
    "np.set_printoptions(edgeitems=30, linewidth=100000, \n",
    "    formatter=dict(float=lambda x: \"%.3g\" % x))"
   ]
  },
  {
   "cell_type": "code",
   "execution_count": 14,
   "metadata": {},
   "outputs": [
    {
     "name": "stdout",
     "output_type": "stream",
     "text": [
      "Schrieffer-Wolff Transformation Components:\n",
      "S1:\n",
      "[[0 -0 -0 -0 -0.0025 -0.004 -0.005 -0.00571]\n",
      " [0 0 -0 -0 -0.00667 -0.0075 -0.008 -0.00833]\n",
      " [0 0 0 -0 -0.015 -0.0133 -0.0125 -0.012]\n",
      " [0 0 0 0 -0.04 -0.025 -0.02 -0.0175]\n",
      " [0.0025 0.00667 0.015 0.04 0 -0 -0 -0]\n",
      " [0.004 0.0075 0.0133 0.025 0 0 -0 -0]\n",
      " [0.005 0.008 0.0125 0.02 0 0 0 -0]\n",
      " [0.00571 0.00833 0.012 0.0175 0 0 0 0]]\n",
      "\n",
      "Transformed Hamiltonian Components:\n",
      "H1:\n",
      "[[0 0.01 0.02 0.03 0 0 0 0]\n",
      " [0.01 0 0.04 0.05 0 0 0 0]\n",
      " [0.02 0.04 0 0.06 0 0 0 0]\n",
      " [0.03 0.05 0.06 0 0 0 0 0]\n",
      " [0 0 0 0 0 0.06 0.07 0.08]\n",
      " [0 0 0 0 0.06 0 0.08 0.09]\n",
      " [0 0 0 0 0.07 0.08 0 0.1]\n",
      " [0 0 0 0 0.08 0.09 0.1 0]]\n",
      "H2:\n",
      "[[-0.000484 -0.000723 -0.00105 -0.0016 0 0 0 0]\n",
      " [-0.000723 -0.0011 -0.0016 -0.00247 0 0 0 0]\n",
      " [-0.00105 -0.0016 -0.00233 -0.00355 0 0 0 0]\n",
      " [-0.0016 -0.00247 -0.00355 -0.00528 0 0 0 0]\n",
      " [0 0 0 0 0.00221 0.00222 0.00244 0.00271]\n",
      " [0 0 0 0 0.00222 0.00209 0.00221 0.0024]\n",
      " [0 0 0 0 0.00244 0.00221 0.0023 0.00245]\n",
      " [0 0 0 0 0.00271 0.0024 0.00245 0.00259]]\n",
      "H3:\n",
      "[[4.83e-07 1.2e-06 1.79e-05 9.23e-05 0 0 0 0]\n",
      " [1.2e-06 1.2e-06 2.42e-05 0.000134 0 0 0 0]\n",
      " [1.79e-05 2.42e-05 6.05e-05 0.000214 0 0 0 0]\n",
      " [9.23e-05 0.000134 0.000214 0.000439 0 0 0 0]\n",
      " [0 0 0 0 -0.000111 -0.000116 -0.000123 -0.000131]\n",
      " [0 0 0 0 -0.000116 -0.000121 -0.000127 -0.000134]\n",
      " [0 0 0 0 -0.000123 -0.000127 -0.00013 -0.000135]\n",
      " [0 0 0 0 -0.000131 -0.000134 -0.000135 -0.000139]]\n",
      "H4:\n",
      "[[2.07e-06 3.65e-06 4.43e-06 -2.28e-06 0 0 0 0]\n",
      " [3.65e-06 6.27e-06 7.8e-06 -1.68e-06 0 0 0 0]\n",
      " [4.43e-06 7.8e-06 9.76e-06 -2.98e-06 0 0 0 0]\n",
      " [-2.28e-06 -1.68e-06 -2.98e-06 -2.31e-05 0 0 0 0]\n",
      " [0 0 0 0 -1.46e-07 -4.04e-07 -1.26e-06 -2.26e-06]\n",
      " [0 0 0 0 -4.04e-07 1e-06 1.14e-06 9.82e-07]\n",
      " [0 0 0 0 -1.26e-06 1.14e-06 1.77e-06 1.95e-06]\n",
      " [0 0 0 0 -2.26e-06 9.82e-07 1.95e-06 2.35e-06]]\n"
     ]
    }
   ],
   "source": [
    "# Define the unperturbed Hamiltonian (H0)\n",
    "H0 = np.array([[1.0, 0.1, 0.2, 0.3, 0.1, 0.2, 0.3, 0.4],\n",
    "               [0.1, 2.0, 0.4, 0.5, 0.2, 0.3, 0.4, 0.5],\n",
    "               [0.2, 0.4, 3.0, 0.6, 0.3, 0.4, 0.5, 0.6],\n",
    "               [0.3, 0.5, 0.6, 4.0, 0.4, 0.5, 0.6, 0.7],\n",
    "               [0.1, 0.2, 0.3, 0.4, 5.0, 0.6, 0.7, 0.8],\n",
    "               [0.2, 0.3, 0.4, 0.5, 0.6, 6.0, 0.8, 0.9],\n",
    "               [0.3, 0.4, 0.5, 0.6, 0.7, 0.8, 7.0, 1.0],\n",
    "               [0.4, 0.5, 0.6, 0.7, 0.8, 0.9, 1.0, 8.0]])\n",
    "\n",
    "# Define the perturbation Hamiltonian (V)\n",
    "V = np.array([[0.0, 0.01, 0.02, 0.03, 0.01, 0.02, 0.03, 0.04],\n",
    "              [0.01, 0.0, 0.04, 0.05, 0.02, 0.03, 0.04, 0.05],\n",
    "              [0.02, 0.04, 0.0, 0.06, 0.03, 0.04, 0.05, 0.06],\n",
    "              [0.03, 0.05, 0.06, 0.0, 0.04, 0.05, 0.06, 0.07],\n",
    "              [0.01, 0.02, 0.03, 0.04, 0.0, 0.06, 0.07, 0.08],\n",
    "              [0.02, 0.03, 0.04, 0.05, 0.06, 0.0, 0.08, 0.09],\n",
    "              [0.03, 0.04, 0.05, 0.06, 0.07, 0.08, 0.0, 0.10],\n",
    "              [0.04, 0.05, 0.06, 0.07, 0.08, 0.09, 0.10, 0.0]])\n",
    "\n",
    "# Define the subspace indices\n",
    "subspace_indices = list(range(4))  # Subspace from 0 to 3\n",
    "\n",
    "# Compute the Schrieffer-Wolff transformation for the subspace\n",
    "S, H = swt_subspace(H0, V, subspace_indices)\n",
    "\n",
    "# Print the Schrieffer-Wolff transformation components\n",
    "print(\"Schrieffer-Wolff Transformation Components:\")\n",
    "print(\"S1:\")\n",
    "print(S[0])\n",
    "\n",
    "\n",
    "print(\"\\nTransformed Hamiltonian Components:\")\n",
    "print(\"H1:\")\n",
    "print(H[0])\n",
    "print(\"H2:\")\n",
    "print(H[1])\n",
    "print(\"H3:\")\n",
    "print(H[2])\n",
    "print(\"H4:\")\n",
    "print(H[3])\n"
   ]
  },
  {
   "cell_type": "code",
   "execution_count": null,
   "metadata": {},
   "outputs": [],
   "source": []
  },
  {
   "cell_type": "code",
   "execution_count": null,
   "metadata": {},
   "outputs": [],
   "source": []
  }
 ],
 "metadata": {
  "kernelspec": {
   "display_name": "flux",
   "language": "python",
   "name": "python3"
  },
  "language_info": {
   "codemirror_mode": {
    "name": "ipython",
    "version": 3
   },
   "file_extension": ".py",
   "mimetype": "text/x-python",
   "name": "python",
   "nbconvert_exporter": "python",
   "pygments_lexer": "ipython3",
   "version": "3.12.2"
  }
 },
 "nbformat": 4,
 "nbformat_minor": 2
}
